440755
1569,2310,1961
440769
1573,2310,1961
440757
1573,2310,1961
440020
2310,1961
440760
1573,2310,1961
440756
2310,1961
110000
1961,2310,1763,1762,1573,1569
430731
1961,2310,1762,1569,1961,2310,1762,1569
500000
1961,2310,1569
210411
2310,1762,1573,1569
440769
1961,2310,1763,1762
440020
1961,2310,1763,1762,1573
230451
1961,2310,1573,1569
330571
1961,2310,1573
320025
1961,2310,1573
320513
1573
370532
1961,2310,1573,1569
310000
1961,2310,1763,1762,1573,1569
210024
2310,1762,1573,1569
440755
1961,2310,1763,1762,1573
320512
1664,1961,2310,1573,1569
120000
1961,2310,1569
420027
1961,2310,1569
350592
1961,1569
610029
1664,1961,2310,1569


